1 0.664167 0.362861 0.303333 0.468504 0.965811
3 0.2775 0.279026 0.205 0.28839 0.96251
3 0.2775 0.279026 0.205 0.28839 0.96251
1 0.503333 0.2325 0.153333 0.11 0.968589
2 0.148333 0.5975 0.0233333 0.02 0.86143
1 0.578333 0.2575 0.116667 0.085 0.971017
1 0.664167 0.362861 0.303333 0.468504 0.965811
1 0.29375 0.303125 0.220833 0.31125 0.972295
1 0.664167 0.362861 0.303333 0.468504 0.965811
1 0.29375 0.303125 0.220833 0.31125 0.972295
1 0.29375 0.303125 0.220833 0.31125 0.972295
1 0.29375 0.303125 0.220833 0.31125 0.972295
0 0.759746 0.286986 0.0686441 0.250685 0.763012
0 0.77839 0.495205 0.0618644 0.165753 0.875793
1 0.29375 0.303125 0.220833 0.31125 0.972295
1 0.664167 0.362861 0.303333 0.468504 0.965811
0 0.759746 0.286986 0.0686441 0.250685 0.763012
0 0.77839 0.495205 0.0618644 0.165753 0.875793
0 0.759746 0.286986 0.0686441 0.250685 0.763012
0 0.77839 0.495205 0.0618644 0.165753 0.875793
1 0.29375 0.303125 0.220833 0.31125 0.972295
1 0.664167 0.362861 0.303333 0.468504 0.965811
1 0.664167 0.362861 0.303333 0.468504 0.965811
0 0.759746 0.286986 0.0686441 0.250685 0.763012
0 0.77839 0.495205 0.0618644 0.165753 0.875793
1 0.664167 0.362861 0.303333 0.468504 0.965811
1 0.664167 0.362861 0.303333 0.468504 0.965811
1 0.29375 0.303125 0.220833 0.31125 0.972295
1 0.664167 0.362861 0.303333 0.468504 0.965811
1 0.29375 0.303125 0.220833 0.31125 0.972295
1 0.664167 0.362861 0.303333 0.468504 0.965811
1 0.29375 0.303125 0.220833 0.31125 0.972295
1 0.29375 0.303125 0.220833 0.31125 0.972295
1 0.29375 0.303125 0.220833 0.31125 0.972295
1 0.29375 0.303125 0.220833 0.31125 0.972295
0 0.759746 0.286986 0.0686441 0.250685 0.763012
0 0.77839 0.495205 0.0618644 0.165753 0.875793
1 0.29375 0.303125 0.220833 0.31125 0.972295
0 0.759746 0.286986 0.0686441 0.250685 0.763012
0 0.77839 0.495205 0.0618644 0.165753 0.875793
0 0.759746 0.286986 0.0686441 0.250685 0.763012
0 0.77839 0.495205 0.0618644 0.165753 0.875793
1 0.664167 0.362861 0.303333 0.468504 0.965811
0 0.759746 0.286986 0.0686441 0.250685 0.763012
0 0.77839 0.495205 0.0618644 0.165753 0.875793
0 0.759746 0.286986 0.0686441 0.250685 0.763012
0 0.77839 0.495205 0.0618644 0.165753 0.875793
1 0.664167 0.362861 0.303333 0.468504 0.965811
0 0.759746 0.286986 0.0686441 0.250685 0.763012
0 0.77839 0.495205 0.0618644 0.165753 0.875793
1 0.664167 0.362861 0.303333 0.468504 0.965811
0 0.759746 0.286986 0.0686441 0.250685 0.763012
0 0.77839 0.495205 0.0618644 0.165753 0.875793
1 0.29375 0.303125 0.220833 0.31125 0.972295
0 0.759746 0.286986 0.0686441 0.250685 0.763012
0 0.77839 0.495205 0.0618644 0.165753 0.875793
1 0.664167 0.362861 0.303333 0.468504 0.965811
0 0.759746 0.286986 0.0686441 0.250685 0.763012
0 0.77839 0.495205 0.0618644 0.165753 0.875793
1 0.29375 0.303125 0.220833 0.31125 0.972295
